/*
	AUTO GENERATED HEADER
	OXO GAME: OUTCOME OF 100 AI MATCHES
	GENERATED USING MODIFIED 'UCT.py' IN PYTHON 2.7
	BOARD KEY: 0=VACANT, 1=PLAYER1, 2=PLAYER2
	BOARD ARRAY INDEX:	0 1 2
						3 4 5
						6 7 8
	OUTCOME: 0=DRAW, 1=PLAYER1 WIN, 2=PLAYER2 WIN
*/
Game=1
000000000
000010000
200010000
200110000
200112000
210112000
210112020
211112020
211112220
Win=0
Game=2
000000000
000010000
200010000
210010000
210010200
210110200
210112200
210112210
210112212
Win=1
Game=3
000000000
000010000
200010000
200010010
200010210
200110210
220110210
221110210
221112210
Win=0
Game=4
000000000
000000100
000020100
000120100
200120100
200120101
220120101
221120101
221120121
Win=2
Game=5
000000000
000100000
000120000
000120100
200120100
200120101
220120101
220120111
222120111
Win=2
Game=6
000000000
000000010
200000010
200000110
200020110
200020111
200220111
200221111
202221111
Win=1
Game=7
000000000
000010000
200010000
201010000
201010200
201110200
201112200
211112200
211112220
Win=0
Game=8
000000000
001000000
201000000
201000001
201000201
201100201
201102201
211102201
211102221
Win=0
Game=9
000000000
001000000
001020000
101020000
121020000
121020010
121220010
121221010
121221012
Win=0
Game=10
000000000
000010000
200010000
200110000
200112000
210112000
210112020
210112120
212112120
Win=0
Game=11
000000000
000010000
200010000
210010000
210010020
210010120
212010120
212110120
212112120
Win=0
Game=12
000000000
001000000
001020000
101020000
121020000
121020010
121220010
121221010
121221012
Win=0
Game=13
000000000
000010000
200010000
210010000
210010020
210110020
210112020
210112120
212112120
Win=0
Game=14
000000000
100000000
100020000
100020100
100220100
110220100
112220100
112221100
112221120
Win=0
Game=15
000000000
000000100
200000100
200010100
202010100
212010100
212010120
212110120
212112120
Win=0
Game=16
000000000
000000100
000020100
000020101
000220101
000221101
000221121
010221121
012221121
Win=0
Game=17
000000000
100000000
100020000
100020100
100220100
110220100
112220100
112221100
112221120
Win=0
Game=18
000000000
000000100
000020100
000120100
200120100
200120101
220120101
221120101
221120121
Win=2
Game=19
000000000
000010000
200010000
200010100
202010100
212010100
212010120
212110120
212112120
Win=0
Game=20
000000000
100000000
100020000
100020100
100220100
110220100
112220100
112221100
112221120
Win=0
Game=21
000000000
100000000
100020000
100120000
100120200
101120200
121120200
121120210
121120212
Win=0
Game=22
000000000
000000100
000020100
100020100
100220100
100221100
120221100
120221110
120221112
Win=0
Game=23
000000000
100000000
100020000
100020100
100220100
100221100
100221120
110221120
112221120
Win=0
Game=24
000000000
000010000
200010000
201010000
201010200
201110200
201112200
201112210
221112210
Win=0
Game=25
000000000
000010000
200010000
200110000
200112000
201112000
201112200
201112210
221112210
Win=0
Game=26
000000000
000010000
200010000
201010000
201010200
201110200
201112200
201112210
221112210
Win=0
Game=27
000000000
000100000
000120000
100120000
100120200
101120200
121120200
121120210
121122210
Win=0
Game=28
000000000
100000000
100020000
101020000
121020000
121020010
121220010
121221010
121221012
Win=0
Game=29
000000000
000000001
200000001
200010001
200010201
200110201
220110201
221110201
221112201
Win=0
Game=30
000000000
010000000
010020000
010021000
210021000
210021001
210021201
210121201
212121201
Win=2
Game=31
000000000
000010000
200010000
210010000
210010020
210010120
212010120
212110120
212112120
Win=0
Game=32
000000000
000000100
000020100
000120100
200120100
200120101
220120101
221120101
221120121
Win=2
Game=33
000000000
100000000
100020000
100120000
100120200
101120200
121120200
121120210
121120212
Win=0
Game=34
000000000
000010000
200010000
200110000
200112000
200112100
202112100
212112100
212112120
Win=0
Game=35
000000000
010000000
010020000
110020000
112020000
112020100
112220100
112221100
112221102
Win=0
Game=36
000000000
000010000
200010000
200110000
200112000
201112000
201112200
201112210
221112210
Win=0
Game=37
000000000
100000000
100020000
101020000
121020000
121120000
121120200
121120210
121122210
Win=0
Game=38
000000000
001000000
001020000
101020000
121020000
121020010
121022010
121122010
121122210
Win=0
Game=39
000000000
001000000
001020000
101020000
121020000
121120000
121120200
121120210
121120212
Win=0
Game=40
000000000
000010000
200010000
200110000
200112000
201112000
201112200
211112200
211112220
Win=0
Game=41
000000000
000010000
200010000
200010100
202010100
212010100
212010120
212110120
212112120
Win=0
Game=42
000000000
100000000
100020000
101020000
121020000
121021000
121021020
121121020
121121220
Win=2
Game=43
000000000
001000000
001020000
101020000
121020000
121020010
121022010
121122010
121122210
Win=0
Game=44
000000000
001000000
201000000
201010000
201010200
201110200
201112200
211112200
211112220
Win=0
Game=45
000000000
010000000
010020000
011020000
211020000
211020001
211220001
211220101
211222101
Win=2
Game=46
000000000
100000000
100020000
100020100
100220100
110220100
112220100
112221100
112221102
Win=0
Game=47
000000000
001000000
201000000
201010000
201010200
201110200
201112200
211112200
211112220
Win=0
Game=48
000000000
001000000
001020000
101020000
121020000
121120000
121120200
121120210
121120212
Win=0
Game=49
000000000
100000000
100020000
101020000
121020000
121020010
121220010
121221010
121221012
Win=0
Game=50
000000000
100000000
100020000
100020100
100220100
100221100
120221100
120221110
120221112
Win=0
Game=51
000000000
000010000
200010000
200010100
202010100
212010100
212010120
212011120
212211120
Win=0
Game=52
000000000
100000000
100020000
100020100
100220100
110220100
112220100
112221100
112221102
Win=0
Game=53
000000000
100000000
100020000
100020100
100220100
110220100
112220100
112221100
112221102
Win=0
Game=54
000000000
001000000
201000000
201010000
201010200
201110200
201112200
211112200
211112220
Win=0
Game=55
000000000
000010000
200010000
200110000
200112000
201112000
201112200
211112200
211112220
Win=0
Game=56
000000000
100000000
100020000
101020000
121020000
121020010
121220010
121221010
121221012
Win=0
Game=57
000000000
001000000
201000000
201010000
201010200
201110200
201112200
201112210
221112210
Win=0
Game=58
000000000
100000000
100020000
100020100
100220100
110220100
112220100
112221100
112221120
Win=0
Game=59
000000000
010000000
010020000
110020000
112020000
112020100
112220100
112221100
112221120
Win=0
Game=60
000000000
010000000
010020000
011020000
211020000
211020001
211220001
211220101
211222101
Win=2
Game=61
000000000
000010000
200010000
200010100
202010100
212010100
212010120
212110120
212112120
Win=0
Game=62
000000000
000000100
200000100
210000100
210020100
210020101
210022101
210122101
210122121
Win=0
Game=63
000000000
001000000
201000000
201010000
201010200
201110200
201112200
211112200
211112220
Win=0
Game=64
000000000
000010000
200010000
200010100
202010100
212010100
212010120
212011120
212211120
Win=0
Game=65
000000000
100000000
100020000
100020100
100220100
100221100
120221100
120221110
120221112
Win=0
Game=66
000000000
000100000
200100000
201100000
201120000
201120001
201120021
211120021
211122021
Win=0
Game=67
000000000
100000000
100020000
100020100
100220100
100220110
100222110
110222110
112222110
Win=2
Game=68
000000000
010000000
010020000
010020100
210020100
210020101
210022101
210122101
210122121
Win=0
Game=69
000000000
000000100
000020100
100020100
100220100
100221100
100221120
110221120
112221120
Win=0
Game=70
000000000
000010000
200010000
200010010
220010010
221010010
221010210
221110210
221112210
Win=0
Game=71
000000000
100000000
100020000
100021000
100021200
101021200
121021200
121021210
121021212
Win=0
Game=72
000000000
000010000
200010000
200110000
200112000
210112000
210112020
211112020
211112220
Win=0
Game=73
000000000
000010000
200010000
201010000
201010200
201110200
201112200
211112200
211112220
Win=0
Game=74
000000000
000000100
200000100
200000110
200020110
200020111
200220111
200221111
220221111
Win=1
Game=75
000000000
000010000
200010000
201010000
201010200
201110200
201112200
201112210
221112210
Win=0
Game=76
000000000
000010000
200010000
200010100
202010100
212010100
212010120
212110120
212112120
Win=0
Game=77
000000000
000010000
200010000
200110000
200112000
210112000
210112020
211112020
211112220
Win=0
Game=78
000000000
000100000
000120000
100120000
100120200
101120200
121120200
121120210
121120212
Win=0
Game=79
000000000
000010000
200010000
210010000
210010020
210010120
212010120
212011120
212211120
Win=0
Game=80
000000000
100000000
100020000
110020000
112020000
112020100
112220100
112221100
112221102
Win=0
Game=81
000000000
000000100
000020100
100020100
100220100
100221100
100221120
110221120
112221120
Win=0
Game=82
000000000
000100000
200100000
200110000
200112000
210112000
210112020
210112120
212112120
Win=0
Game=83
000000000
100000000
100020000
100020100
100220100
100221100
100221120
110221120
112221120
Win=0
Game=84
000000000
100000000
100020000
100021000
100021200
101021200
121021200
121021210
121021212
Win=0
Game=85
000000000
100000000
100020000
101020000
121020000
121120000
121120200
121120210
121122210
Win=0
Game=86
000000000
000010000
200010000
210010000
210010020
210110020
210112020
211112020
211112220
Win=0
Game=87
000000000
000100000
000120000
100120000
100120200
101120200
121120200
121120210
121122210
Win=0
Game=88
000000000
000100000
000120000
000120100
200120100
200120101
220120101
220120111
222120111
Win=2
Game=89
000000000
000010000
000210000
000210001
200210001
200210101
202210101
212210101
212210121
Win=0
Game=90
000000000
100000000
100020000
101020000
121020000
121020010
121220010
121221010
121221012
Win=0
Game=91
000000000
001000000
201000000
201010000
201010200
201110200
201112200
211112200
211112220
Win=0
Game=92
000000000
100000000
100020000
101020000
121020000
121120000
121120200
121120210
121120212
Win=0
Game=93
000000000
010000000
010020000
110020000
112020000
112020100
112220100
112221100
112221102
Win=0
Game=94
000000000
000010000
200010000
200110000
200112000
210112000
210112020
210112120
212112120
Win=0
Game=95
000000000
000000100
000020100
000020101
000220101
000221101
000221121
010221121
012221121
Win=0
Game=96
000000000
000000100
200000100
200010100
202010100
212010100
212010120
212011120
212211120
Win=0
Game=97
000000000
100000000
100020000
100020100
100220100
100221100
100221120
110221120
112221120
Win=0
Game=98
000000000
100000000
100020000
110020000
112020000
112020100
112220100
112221100
112221102
Win=0
Game=99
000000000
100000000
100020000
100021000
100021200
101021200
121021200
121021210
121021212
Win=0 
Game=100
000000000
010000000
010020000
011020000
211020000
211020001
211220001
211220101
211222101
Win=2