/*
	AUTO GENERATED HEADER
	UOE CE888 MACHINE LEARNING DATA
	GENERATED USING MODIFIED 'UCT.py' IN PYTHON 2.7
	BY BRUCE TOWERS, BATOWE
	OTHELLO GAME: OUTCOME OF 100 AI MATCHES ON 4x4 BOARD
	EACH LINE ARRAY REPRESENTS BOARD STATE AT THAT TURN
	BOARD KEY: 0=VACANT, 1=PLAYER1, 2=PLAYER2
	BOARD ARRAY INDEX:	0  1  2  3
						4  5  6  7
						8  9  10 11
						12 13 14 15
	OUTCOME: 0=DRAW, 1=PLAYER1 WIN, 2=PLAYER2 WIN
*/
Game=1
0000021001200000
0100011001200000
2100021001200000
2100021001100010
2100021001200012
2100111001200012
2220112001200012
2221111001200012
2221221022200012
2221221021201012
2221222221201012
2221222121111012
Win=2
Game=2
0000021001200000
0000021001110000
0000021001210002
0000111001210002
2000121001210002
2000121001110012
2000121002110222
2000121011110222
2000122211220222
2100112211220222
2220112211220222
2221111211220222
Win=2
Game=3
0000021001200000
0000111001200000
2000121001200000
2000121001110000
2000121001210002
2100111001210002
2220112001210002
2221111001210002
2221121002210202
2221121001110212
2221122201220212
2221122201221112
Win=2
Game=4
0000021001200000
0000021001110000
0000021001210002
0100011001210002
2100021001210002
2100111001210002
2220112001210002
2221111001210002
2221221022210002
2221221022110012
2221221022110222
2221221021111222
Win=2
Game=5
0000021001200000
0000021001110000
0000021001210002
0100011001210002
2100021001210002
2100021001110012
2100021002110222
2100021001111222
2100221002111222
2100221011111222
2220222011211222
2221221011211222
Win=2
Game=6
0000021001200000
0000021001110000
0000021001210002
0100011001210002
2100021001210002
2100111001210002
2100211022210002
2100211021211002
2220222021211002
2221221021211002
Win=2
Game=7
0000021001200000
0000021001110000
0000021001210002
0100011001210002
2100021001210002
2100111001210002
2100211022210002
2100211022110012
2100222222120012
2100212221120112
2220222221120112
2221221221120112
Win=2
Game=8
0000021001200000
0000021001110000
0000021001210002
0000111001210002
2000121001210002
2000121001110012
2000122201120012
2001121201120012
2001221222220012
2001221221221012
2201222221221012
2211221221121012
Win=2
Game=9
0000021001200000
0000111001200000
2000121001200000
2000121001100010
2000121001200012
2000121001110012
2000122201120012
2010121201120012
2010221222220012
2010221221221012
Win=2
Game=10
0000021001200000
0000021001100010
0000021001200012
0100011001200012
2100021001200012
2100111001200012
2220112001200012
2220111101200012
2220121102200222
2220121101201222
2220122101221222
2221121101221222
Win=2
Game=11
0000021001200000
0000021001100010
0000021001200012
0100011001200012
2100021001200012
2100021001110012
2100022201120012
2110021201120012
2222021201120012
2222111201120012
2222121202220222
2222121201221222
Win=2
Game=12
0000021001200000
0000021001100010
0000021001200012
0000111001200012
2000121001200012
2000121001110012
2000122201120012
2001121201120012
2201122201120012
2211121201120012
2211221222220012
2211221221221012
Win=2
Game=13
0000021001200000
0000021001110000
0000021001210002
0100011001210002
2100021001210002
2100111001210002
2100211022210002
2100211021210102
2100222221220102
2101221221220102
Win=2
Game=14
0000021001200000
0000021001100010
0000021001200012
0100011001200012
2100021001200012
2100021001110012
2100022201120012
2101021201120012
2101021202220222
2101021201221222
2101021222221222
2101111212221222
Win=2
Game=15
0000021001200000
0000111001200000
2000121001200000
2000121001110000
2000121001210002
2100111001210002
2100211022210002
2100211021211002
2100211022211022
2100211021211122
2100222221221122
2101221221221122
Win=2
Game=16
0000021001200000
0000111001200000
2000121001200000
2000121001110000
2000121001210002
2000121001110012
2000122201120012
2100112201120012
2220112201120012
2221111201120012
2221121202220222
2221121201221222
Win=2
Game=17
0000021001200000
0000111001200000
2000121001200000
2000121001100010
2000121001200012
2000121001110012
2000122201120012
2010121201120012
2010221222220012
2010221221221012
2210222221221012
2211221221221012
Win=2
Game=18
0000021001200000
0000021001100010
0000021001200012
0000111001200012
2000121001200012
2100111001200012
2100211022200012
2100211021201012
2100222221201012
2100221221111012
2220221221111012
2221221121111012
Win=1
Game=19
0000021001200000
0000111001200000
2000121001200000
2000121001110000
2000121001210002
2100111001210002
2220112001210002
2220111101210002
2220121102210202
2220121111110202
Win=1
Game=20
0000021001200000
0100011001200000
2100021001200000
2100021001100010
2100021001200012
2100021001110012
2100022201120012
2110021201120012
2110021222220012
2110021221221012
2222021221221012
2222111211221012
Win=2
Game=21
0000021001200000
0000021001100010
0000021001200012
0100011001200012
2100021001200012
2100111001200012
2100211022200012
2100211021200112
2100211021202222
2100211021112222
2220222021212222
2221221021212222
Win=2
Game=22
0000021001200000
0000021001100010
0000021001200012
0000111001200012
2000121001200012
2000121001110012
2000122201120012
2010121201120012
2210122201120012
2210112211120012
Win=1
Game=23
0000021001200000
0100011001200000
2100021001200000
2100021001100010
2100021001200012
2100021001110012
2100022201120012
2110021201120012
2110021222220012
2110011221220112
Win=1
Game=24
0000021001200000
0000021001100010
0000021001200012
0000111001200012
2000121001200012
2100111001200012
2100211022200012
2100211021200112
2100211021202222
2100211021112222
2220222021212222
2221221021212222
Win=2
Game=25
0000021001200000
0000021001100010
0000021001200012
0000111001200012
2000121001200012
2000121001110012
2000122201120012
2010121201120012
2210122201120012
2210112211120012
Win=1
Game=26
0000021001200000
0100011001200000
2100021001200000
2100111001200000
2220112001200000
2220111101200000
2220221122200000
2220221122100010
2220221122200012
2220221122100112
Win=2
Game=27
0000021001200000
0000021001100010
0000021001200012
0000111001200012
2000121001200012
2000121001110012
2000121002110222
2000121011110222
2000221021112222
2100211021112222
2220222021212222
2221221021212222
Win=2
Game=28
0000021001200000
0000021001100010
0000021001200012
0100011001200012
2100021001200012
2100021001110012
2100021002110222
2100021001111222
2100022201221222
2101021201221222
Win=2
Game=29
0000021001200000
0000021001110000
0000021001210002
0000111001210002
2000121001210002
2100111001210002
2100211022210002
2100211021211002
2100211022211022
2100211021211122
2220222021211122
2220222121111122
Win=2
Game=30
0000021001200000
0000111001200000
2000121001200000
2000121001100010
2000121001200012
2000121001110012
2000121002110222
2000121001111222
2000221021111222
2100211021111222
2220222021211222
2221221021211222
Win=2
Game=31
0000021001200000
0000111001200000
2000121001200000
2000121001110000
2000121001210002
2000121001110012
2000121002110222
2000121001111222
2020122001211222
2021121001211222
2021122201221222
2111112201221222
Win=2
Game=32
0000021001200000
0000021001100010
0000021001200012
0000111001200012
2000121001200012
2000121001110012
2000121002110222
2000121001111222
2000221021111222
2100211021111222
2220222021211222
2221221021211222
Win=2
Game=33
0000021001200000
0000021001110000
0000021001210002
0000021001110012
0000021002110222
1000011002110222
1000011202220222
1000011201221222
1200022202221222
1201021201221222
1201021222221222
1201111212221222
Win=2
Game=34
0000021001200000
0000021001110000
0000021001210002
0100011001210002
2100021001210002
2100111001210002
2100211022210002
2100211021211002
2220222021211002
2221221021211002
2221221022211202
2221221022111112
Win=2
Game=35
0000021001200000
0000021001110000
0000021001210002
0100011001210002
2100021001210002
2100111001210002
2220112001210002
2221111001210002
2221121002210202
2221121011110202
2221122011210222
2221111111210222
Win=1
Game=36
0000021001200000
0000021001100010
0000021001200012
0100011001200012
2100021001200012
2100111001200012
2220112001200012
2220112001110012
2220222021110012
2221221021110012
Win=2
Game=37
0000021001200000
0000021001110000
0000021001210002
0100011001210002
2100021001210002
2100111001210002
2220112001210002
2220111101210002
2220121102210202
2220121111110202
2220122111210222
2221121111210222
Win=2
Game=38
0000021001200000
0000021001110000
0000021001210002
0000111001210002
2000121001210002
2100111001210002
2100211022210002
2100211021211002
2220222021211002
2221221021211002
Win=2
Game=39
0000021001200000
0000111001200000
2000121001200000
2000121001100010
2000121001200012
2000121001110012
2000122201120012
2010121201120012
2010121202220222
2010121201221222
2210122201221222
2210112211221222
Win=2
Game=40
0000021001200000
0000021001100010
0000021001200012
0000111001200012
2000121001200012
2000121001110012
2000121002110222
2000121011110222
2000122211220222
2010112211220222
Win=2
Game=41
0000021001200000
0100011001200000
2100021001200000
2100021001100010
2100021001200012
2100111001200012
2100211022200012
2100211021200112
2100222221200112
2101221221200112
2221222221200112
2221222121110112
Win=2
Game=42
0000021001200000
0000021001100010
0000021001200012
0000111001200012
2000121001200012
2100111001200012
2100211022200012
2100211021201012
2220222021201012
2221221021201012
Win=2
Game=43
0000021001200000
0000111001200000
2000121001200000
2100111001200000
2220112001200000
2220111101200000
2220221122200000
2220221122100010
2220222122220010
2220222122120110
Win=2
Game=44
0000021001200000
0000021001100010
0000021001200012
0100011001200012
2100021001200012
2100021001110012
2100022201120012
2110021201120012
2110021222220012
2110011221220112
Win=1
Game=45
0000021001200000
0000021001110000
0000021001210002
0000111001210002
2000121001210002
2100111001210002
2220112001210002
2220111101210002
2220221122210002
2220221122110102
Win=2
Game=46
0000021001200000
0000021001100010
0000021001200012
0100011001200012
2100021001200012
2100021001110012
2100021002110222
2100021001111222
2220022001211222
2221021001211222
2221221002211222
2221221011111222
Win=2
Game=47
0000021001200000
0000021001100010
0000021001200012
0100011001200012
2100021001200012
2100021001110012
2100021002110222
2100021001111222
2100221002111222
2100221011111222
2100222211221222
2101221211221222
Win=2
Game=48
0000021001200000
0100011001200000
2100021001200000
2100021001110000
2100021001210002
2100021001110012
2100022201120012
2110021201120012
2222021201120012
2222111201120012
2222112202122012
2222112201122112
Win=2
Game=49
0000021001200000
0100011001200000
2100021001200000
2100021001100010
2100021001200012
2100111001200012
2220112001200012
2220112001110012
2220112002112012
2220112011112012
2220112211122012
2221111211122012
Win=1
Game=50
0000021001200000
0000021001110000
0000021001210002
0000111001210002
2000121001210002
2100111001210002
2220112001210002
2221111001210002
2221111201220002
2221111201120012
2221221222220012
2221221221221012
Win=2
Game=51
0000021001200000
0000021001100010
0000021001200012
0000111001200012
2000121001200012
2000121001110012
2000121002110222
2000121001111222
2000221021111222
2100211021111222
2100222221221222
2101221221221222
Win=2
Game=52
0000021001200000
0000111001200000
2000121001200000
2000121001100010
2000121001200012
2000121001110012
2000121002110222
2000121001111222
2000221021111222
2100211021111222
2220222021211222
2221221021211222
Win=2
Game=53
0000021001200000
0000021001110000
0000021001210002
0000111001210002
2000121001210002
2000121001110012
2000121002110222
2000121011110222
2000221021112222
2100211021112222
2220222021212222
2221221021212222
Win=2
Game=54
0000021001200000
0100011001200000
2100021001200000
2100021001100010
2100021001200012
2100111001200012
2100211022200012
2100211021201012
2100222221201012
2101221221201012
2101221222201222
2101221122211222
Win=2
Game=55
0000021001200000
0100011001200000
2100021001200000
2100021001110000
2100021001210002
2100021001110012
2100022201120012
2101021201120012
2221021201120012
2221111201120012
2221121202220222
2221121201221222
Win=2
Game=56
0000021001200000
0000021001100010
0000021001200012
0100011001200012
2100021001200012
2100111001200012
2100211022200012
2100211021201012
2100222221201012
2101221221201012
2101221222201222
2101221122211222
Win=2
Game=57
0000021001200000
0000021001100010
0000021001200012
0000111001200012
2000121001200012
2000121001110012
2000121002110222
2000121011110222
2020122011210222
2021121011210222
2021221021212222
2111211021212222
Win=2
Game=58
0000021001200000
0100011001200000
2100021001200000
2100021001110000
2100021001210002
2100111001210002
2220112001210002
2220111101210002
2220221122210002
2220221122110012
Win=2
Game=59
0000021001200000
0000111001200000
2000121001200000
2000121001110000
2000121001210002
2000121001110012
2000122201120012
2100112201120012
2100212222220012
2100212221220112
2220222221220112
2221221221220112
Win=2
Game=60
0000021001200000
0100011001200000
2100021001200000
2100021001110000
2100021001210002
2100111001210002
2100211022210002
2100211021210102
2220222021210102
2220222121110102
Win=2
Game=61
0000021001200000
0000111001200000
2000121001200000
2000121001100010
2000121001200012
2000121001110012
2000121002110222
2000121001111222
2000122201221222
2001121201221222
2021122201221222
2111112201221222
Win=2
Game=62
0000021001200000
0100011001200000
2100021001200000
2100021001110000
2100021001210002
2100021001110012
2100021002110222
2100021011110222
2220022011210222
2221021011210222
2221221012210222
2221221011211222
Win=2
Game=63
0000021001200000
0100011001200000
2100021001200000
2100021001100010
2100021001200012
2100021001110012
2100022201120012
2110021201120012
2222021201120012
2222111201120012
2222221222220012
2222221221221012
Win=2
Game=64
0000021001200000
0100011001200000
2100021001200000
2100021001100010
2100021001200012
2100021001110012
2100021002110222
2100021011110222
2220022011210222
2221021011210222
2221221012210222
2221221011211222
Win=2
Game=65
0000021001200000
0100011001200000
2100021001200000
2100021001100010
2100021001200012
2100021001110012
2100021002110222
2100021001111222
2100022201221222
2101021201221222
2101021222221222
2101111212221222
Win=2
Game=66
0000021001200000
0000021001100010
0000021001200012
0100011001200012
2100021001200012
2100111001200012
2100211022200012
2100211021201012
2100211021201222
2100211021111222
2220222021211222
2221221021211222
Win=2
Game=67
0000021001200000
0000021001110000
0000021001210002
0000111001210002
2000121001210002
2000121001110012
2000122201120012
2010121201120012
2010121202220222
2010111212220222
Win=2
Game=68
0000021001200000
0000021001100010
0000021001200012
0100011001200012
2100021001200012
2100111001200012
2220112001200012
2220112001110012
2220112201120012
2221111201120012
2221121202220222
2221121201221222
Win=2
Game=69
0000021001200000
0000021001110000
0000021001210002
0100011001210002
2100021001210002
2100111001210002
2100211022210002
2100211021210102
2100211022210122
2100211021211122
2220222021211122
2221221021211122
Win=2
Game=70
0000021001200000
0000021001110000
0000021001210002
0000111001210002
2000121001210002
2100111001210002
2100211022210002
2100211022110012
2100211022110222
2100211021111222
2220222021211222
2221221021211222
Win=2
Game=71
0000021001200000
0000021001110000
0000021001210002
0000111001210002
2000121001210002
2100111001210002
2100211022210002
2100211022110012
2102212022110012
2102211122110012
2102211122110222
2102211121111222
Win=1
Game=72
0000021001200000
0000021001110000
0000021001210002
0100011001210002
2100021001210002
2100021001110012
2100021002110222
2100021011110222
2100022211220222
2110012211220222
Win=2
Game=73
0000021001200000
0000021001110000
0000021001210002
0100011001210002
2100021001210002
2100021001110012
2100022201120012
2101021201120012
2221021201120012
2221111201120012
2221221222220012
2221221221221012
Win=2
Game=74
0000021001200000
0000111001200000
2000121001200000
2000121001110000
2000121001210002
2100111001210002
2220112001210002
2220111101210002
2222111201220002
2222111201120012
2222112202122012
2222112201122112
Win=2
Game=75
0000021001200000
0000111001200000
2000121001200000
2000121001100010
2000121001200012
2000121001110012
2000122201120012
2010121201120012
2010121202220222
2010121201221222
Win=2
Game=76
0000021001200000
0000021001110000
0000021001210002
0000111001210002
2000121001210002
2100111001210002
2100211022210002
2100211021211002
2100222221221002
2101221221221002
Win=2
Game=77
0000021001200000
0100011001200000
2100021001200000
2100021001100010
2100021001200012
2100021001110012
2100021002110222
2100021011110222
2100022211220222
2110012211220222
Win=2
Game=78
0000021001200000
0100011001200000
2100021001200000
2100021001110000
2100021001210002
2100111001210002
2100211022210002
2100211022110012
2220221022110012
2220221021111012
2220222221121012
2221221221121012
Win=2
Game=79
0000021001200000
0000021001100010
0000021001200012
0000111001200012
2000121001200012
2000121001110012
2000121002110222
2000121001111222
2020122001211222
2120111001211222
2120221022211222
2111221022211222
Win=2
Game=80
0000021001200000
0000021001100010
0000021001200012
0100011001200012
2100021001200012
2100111001200012
2100211022200012
2100211021200112
2100211021202222
2100211021112222
2102212022112222
2102211122112222
Win=2
Game=81
0000021001200000
0100011001200000
2100021001200000
2100021001110000
2100021001210002
2100021001110012
2100022201120012
2110021201120012
2110021222220012
2110011221220112
Win=1
Game=82
0000021001200000
0000111001200000
2000121001200000
2000121001100010
2000121001200012
2100111001200012
2100211022200012
2100211021201012
2100211021201222
2100211021111222
2220222021211222
2221221021211222
Win=2
Game=83
0000021001200000
0000021001110000
0000021001210002
0000111001210002
2000121001210002
2000121001110012
2000121002110222
2000121011110222
2020122011210222
2120111011210222
2120111211220222
2111111211220222
Win=1
Game=84
0000021001200000
0000111001200000
2000121001200000
2000121001100010
2000121001200012
2000121001110012
2000121002110222
2000121001111222
2000122201221222
2001121201221222
Win=2
Game=85
0000021001200000
0000021001100010
0000021001200012
0100011001200012
2100021001200012
2100021001110012
2100021002110222
2100021001111222
2220022001211222
2221021001211222
2221021022211222
2221111012211222
Win=2
Game=86
0000021001200000
0100011001200000
2100021001200000
2100021001110000
2100021001210002
2100021001110012
2100021002110222
2100021001111222
2100221002111222
2100221011111222
2220222011211222
2221221011211222
Win=2
Game=87
0000021001200000
0000111001200000
2000121001200000
2000121001110000
2000121001210002
2100111001210002
2100211022210002
2100211022110012
2220221022110012
2220221021111012
2220222221121012
2221221221121012
Win=2
Game=88
0000021001200000
0000111001200000
2000121001200000
2000121001110000
2000121001210002
2100111001210002
2220112001210002
2221111001210002
2221121002210202
2221121011110202
Win=1
Game=89
0000021001200000
0000111001200000
2000121001200000
2000121001100010
2000121001200012
2100111001200012
2100211022200012
2100211021201012
2220222021201012
2221221021201012
Win=2
Game=90
0000021001200000
0000021001110000
0000021001210002
0100011001210002
2100021001210002
2100021001110012
2100022201120012
2110021201120012
2110021222220012
2110011221220112
Win=1
Game=91
0000021001200000
0000021001100010
0000021001200012
0000111001200012
2000121001200012
2000121001110012
2000121002110222
2000121001111222
2000221021111222
2100211021111222
2100222221221222
2101221221221222
Win=2
Game=92
0000021001200000
0000021001100010
0000021001200012
0100011001200012
2100021001200012
2100021001110012
2100022201120012
2101021201120012
2101021202220222
2101021201221222
2101021222221222
2101111212221222
Win=2
Game=93
0000021001200000
0000021001110000
0000021001210002
0000111001210002
2000121001210002
2000121001110012
2000122201120012
2001121201120012
2201122201120012
2211121201120012
2211121202220222
2211111212220222
Win=2
Game=94
0000021001200000
0000021001100010
0000021001200012
0000111001200012
2000121001200012
2100111001200012
2220112001200012
2221111001200012
2221221022200012
2221221021201012
Win=2
Game=95
0000021001200000
0000021001100010
0000021001200012
0100011001200012
2100021001200012
2100111001200012
2220112001200012
2220112001110012
2220112201120012
2221111201120012
2221221222220012
2221221221221012
Win=2
Game=96
0000021001200000
0000021001110000
0000021001210002
0000111001210002
2000121001210002
2000121001110012
2000122201120012
2100112201120012
2220112201120012
2221111201120012
2221121202220222
2221121201221222
Win=2
Game=97
0000021001200000
0000111001200000
2000121001200000
2000121001100010
2000121001200012
2100111001200012
2220112001200012
2221111001200012
2221121002200222
2221121001201222
2221122201201222
2221122101111222
Win=2
Game=98
0000021001200000
0100011001200000
2100021001200000
2100021001100010
2100021001200012
2100111001200012
2100211022200012
2100211021200112
2100211021202222
2100211021112222
2220222021212222
2221221021212222
Win=2
Game=99
0000021001200000
0000021001110000
0000021001210002
0000111001210002
2000121001210002
2100111001210002
2220112001210002
2221111001210002
2221111201220002
2221111201120012
2221221222220012
2221221221221012
Win=2
Game=100
0000021001200000
0000111001200000
2000121001200000
2000121001110000
2000121001210002
2100111001210002
2100211022210002
2100211021210102
2100222221220102
2101221221220102
Win=2